
1_0%
0.003	0.00356	0.006
0.019	0.02082	0.026
0.039	0.04266	0.048
0.226	0.2358	0.253
0.471	0.5026	0.547

1_25%
0.003	0.0036	0.005
0.018	0.02024	0.029
0.04	0.04378	0.059
0.222	0.23524	0.256
0.471	0.51264	0.558

1_50%
0.003	0.00452	0.008
0.02	0.02262	0.028
0.043	0.11294	0.806
0.246	0.93	7.076
0.517	4.5172	21.47

1_75%
0.002	0.00316	0.004
0.018	0.02024	0.032
0.039	0.04138	0.068
0.213	0.22902	0.316
0.448	0.47974	0.531

1_95%
0.003	0.0036	0.005
0.021	0.02168	0.024
0.043	0.04562	0.05
0.245	0.26354	0.307
0.513	0.55512	0.752

1_99%
0.003	0.00312	0.005
0.017	0.01908	0.03
0.038	0.03926	0.043
0.214	0.2251	0.245
0.457	0.49408	0.671

1_99.7%
0.002	0.00332	0.008
0.017	0.0196	0.028
0.037	0.04002	0.043
0.214	0.2267	0.274
0.469	0.48054	0.494

1_100%
0.002	0.00296	0.005
0.015	0.01654	0.02
0.031	0.03418	0.051
0.183	0.19188	0.22
0.397	0.41652	0.468

2_0%
0.005	0.00616	0.009
0.029	0.03252	0.039
0.061	0.06524	0.081
0.33	0.34294	0.388
0.667	0.70604	0.827

2_25%
0.005	0.00614	0.008
0.028	0.03182	0.042
0.057	0.06414	0.085
0.31	0.32114	0.363
0.631	0.6579	0.715

2_50%
0.004	0.00604	0.009
0.027	0.03134	0.044
0.056	0.0632	0.097
0.299	0.31508	0.359
0.588	0.63776	0.743

2_75%
0.004	0.00564	0.008
0.026	0.02838	0.033
0.053	0.05624	0.06
0.281	0.29342	0.325
0.575	0.59014	0.608

2_95%
0.004	0.00536	0.007
0.025	0.02756	0.037
0.049	0.05538	0.07
0.249	0.26408	0.294
0.51	0.5353	0.61

2_99%
0.004	0.00498	0.006
0.024	0.02542	0.029
0.048	0.05184	0.063
0.254	0.27124	0.317
0.506	0.53738	0.583

2_99.7%
0.004	0.00478	0.006
0.023	0.02484	0.03
0.048	0.05052	0.06
0.251	0.26012	0.296
0.507	0.54172	0.649

2_100%
0.004	0.00532	0.007
0.025	0.02604	0.029
0.048	0.05188	0.059
0.252	0.26134	0.289
0.512	0.53006	0.595

3_0%
0.003	0.00414	0.032
0.019	0.02032	0.022
0.041	0.04424	0.048
0.234	0.24842	0.265
0.489	0.51884	0.595

3_25%
0.003	0.00352	0.004
0.019	0.02098	0.024
0.041	0.04298	0.053
0.228	0.2545	0.291
0.474	0.51746	0.564

3_50%
0.003	0.00566	0.008
0.021	0.02976	0.057
0.046	0.0689	0.105
0.248	0.45048	1.005
0.512	1.10482	1.944

3_75%
0.003	0.00344	0.004
0.018	0.01942	0.021
0.039	0.04098	0.045
0.224	0.23362	0.295
0.453	0.46804	0.49

3_95%
0.003	0.00384	0.006
0.021	0.02268	0.027
0.045	0.04774	0.068
0.256	0.26154	0.27
0.509	0.5198	0.534

3_99%
0.003	0.00326	0.004
0.018	0.01956	0.023
0.038	0.03994	0.046
0.226	0.2332	0.256
0.465	0.47472	0.539

3_99.7%
0.002	0.0029	0.005
0.016	0.0181	0.021
0.035	0.03874	0.048
0.208	0.21166	0.223
0.442	0.4476	0.457

3_100%
0.002	0.00264	0.004
0.014	0.01522	0.02
0.029	0.0312	0.044
0.171	0.17768	0.238
0.388	0.39688	0.428

1_50%
0.004	0.00426	0.005
0.019	0.0727	0.311
0.041	0.08662	0.629
0.241	1.12742	5.617
0.511	6.4635	47.172

1_50%
0.003	0.00548	0.007
0.019	0.0489	0.39
0.043	0.12561	0.875
0.228	1.12904	7.075
0.479	4.15365	26.043

1_0%
0.003	0.00327	0.005
0.019	0.02015	0.022
0.039	0.04101	0.044

2_100%
0.004	0.0048	0.005
0.024	0.0249	0.025
0.048	0.0492	0.053
0.243	0.249	0.259
0.49	0.5031	0.512

3_100%
0.002	0.0065	0.041
0.014	0.0144	0.015
0.028	0.0297	0.031
0.166	0.1686	0.17
0.376	0.386	0.394

1_100%
0.002	0.0028	0.003
0.014	0.0144	0.015
0.029	0.0301	0.031
0.162	0.1673	0.171
0.354	0.3739	0.427

1_100%
0.002	0.0026	0.003
0.014	0.0146	0.016
0.029	0.0302	0.031
0.168	0.1718	0.176
0.363	0.3684	0.373

1_100%
0.002	0.0027	0.004
0.014	0.015	0.017
0.031	0.0315	0.032
0.168	0.1713	0.175
0.362	0.3662	0.371

1_100%
0.002	0.0027	0.003
0.014	0.0146	0.015
0.029	0.0304	0.031
0.168	0.1764	0.185
0.364	0.3688	0.376
